0.7368975395391126 1.043227262846396
0.48081531775425723 2.146691735717776
1.0243936558273572 0.7415391947850877
0.7420446754188033 1.0460863255250832
0.48081531775425723 2.146691735717776
0.48763395501505274 1.8760223608959898
0.8587729532460098 0.8133899866003287
0.5132057740540847 1.8263982959669693
0.7518541069817662 0.958194937279869
1.3472966302117666 0.29131999730277197
0.8062475433632417 0.8564588876730856
0.7432813693633089 0.9497784190450875
0.4702734191153897 1.7590231489023136
1.0333303332367094 0.7392163213552468
0.7291180019912775 0.8358338396206177
0.7609673657081084 0.8640836379669508
1.014610418839633 0.7557284737485191
1.3472966302117666 0.29131999730277197
0.7791271394801699 0.864153488785693
0.8945630133564162 0.7807411994921383
1.3472966302117666 0.29131999730277197
0.8986478300585004 0.7487012728394911
1.1209031678808046 0.7306339135862983
0.8584536921365267 0.8133899866003287
1.1091590931365127 0.7365039593224842
1.45567821432449 0.22804455320336883
0.8082579415966471 0.6959574051705728
1.4847737908438527 0.22874292468865168
1.3458898069054421 0.2960583661738345
0.4522660166041668 1.7527890380572249
0.8945630133564162 0.7807411994921383
0.6260969077823918 0.8358294592585683
1.3472966302117666 0.29131999730277197
0.6257419120224608 0.8338354559358153
1.32651668373332 0.2146472507844804
0.675810189399314 0.8077470114911178
1.32651668373332 0.2146472507844804
0.4467657601785427 1.7471593608388214
1.3897295342348814 0.20862487509598812
1.390558634602725 0.21371977356298077
0.8430851703453334 0.8618691953755868
1.3897295342348814 0.20862487509598812
0.6257419120224608 0.8383102272339921
0.4400484826312738 1.7454379735745222
0.6056248606853356 0.8284933176750561
0.6625134686914319 1.09973713389272
0.7216201821108442 0.8101466174441557
1.4096181919355428 0.21763774730404814
1.3629437053720639 0.20862487509598812
0.7286412695327288 0.8498942160726246
0.6056248606853356 0.7925753456565015
1.3618367407941736 0.27264427168180727
0.8061235237540252 0.8572032282608499
1.104158305908051 0.6037559793855884
0.6056248606853356 0.7925753456565015
0.4400484826312738 1.7454379735745222
1.3842947786046471 0.21062236435521037
0.730422683165357 0.8753851038691911
1.3629437053720639 0.20862487509598812
1.0197714176573613 0.591096547496648
0.8100367497875605 0.697125261688903
1.8004813075109976 0.2373332364383434
1.3472966302117666 0.29131999730277197
0.6361057664543298 0.9037767958664847
0.7215892769735441 0.8454708224583065
1.3629437053720639 0.20671905701126866
0.8082579415966471 0.7023332626833921
1.3296428911539144 0.2214530934131012
0.9659525166376978 0.5414720253488793
0.4621212658461229 1.832180933042261
1.2903555553053216 0.2146472507844804
0.6257419120224608 0.8249619261820071
0.9659525166376978 0.5381794667639211
0.4400484826312738 1.7414783508100653
0.7879299218791127 0.9769116028277622
1.3842947786046471 0.21062236435521037
1.2903555553053216 0.2146472507844804
0.6018660894130653 0.7891623820861073
1.0257293867670256 0.6233800340457532
0.6383306731568301 1.1376398225068862
0.4400484826312738 1.7414783508100653
0.6918312882279634 0.9068253481068538
0.9946074903720754 0.5932624454470079
0.8420522110759239 0.692539792477256
0.6056248606853356 0.7909319321575567
1.2911596293595515 0.2144328006137996
0.5622521713799309 0.8360922884932566
1.451259119097268 0.2048163307904839
0.6114720730541027 0.8007340746916283
0.5521437867863914 0.8232448888277535
1.2267282455790878 0.18227794848215848
0.9426631449512234 0.727963844776427
0.6012550432356615 0.7679998294416939
0.5616291955952297 0.8237277745692853
0.6017521222254503 0.780068339306171
0.6749709401001752 0.7225096612448385
0.6475978349614544 0.9544360653593662
0.8047857791163738 0.9543836109125466
0.7085416902070495 0.8502936959293732
0.7191129495481752 0.7764286385179127
